666 11611 1111161611 16

6116 16116116 1161 6611161111 616666· 1. ι1166166116116116 11111161661116
11616, 61161661 16 6661116111 166616161. 6166166613 66111. 11. 16.·1166 16·
vide 6661 collegit ’1661166 66 61661. 611661, 66 6611166 661666 6166616 61·
Aul. 1166. 6611 (11116. ιιι. 6.16. 16 16616161.’ 01111166 Ε6111. Her.
1166 1166666116 6616 16111 66616611 1116 166. ’06616616 611 666111116-
6611611661 6661661 1611611166. 6. 1616661 1666161616 61666113 666166.
666. 1116166116, 6616 16 616111 61116· 11666666. 61. *61111666161161166
11616, 666 66 6666666 negoti· 616111· 6161111111661 6661161 probassent τ’
116166661. 06616 1666161166 6611611 1111611. 6616616. ’6166116 6166·
6666. 11 666.1611661,161116161111611. 1661 1666161 justit) 0611161 1111. 8.
De 661611611661666666 666 11111661 6 6. ⁸ Hermolao 66111616611161 166611-
6661611 0116161 616. ΕΙ. ιιι. 6. 66. 616 666 61661113 61666 66161661
ι(161616661616661(161166166616611 Burman. 66 0116. 616. 111. ιι. 6.
6161. 61. 666. Ι1161661 166111 16666616 66. 61 Duker. 66 11161. 6 16. 6 16.
16161661 6666161166666661.’ Hoc Ρ61166166116 1161611611611116116111
1111611. 611. 11. 1616116666 61111 16 6666616116611. 61 Ρ66. ιιι. 6. 6

, 161666116616166661661.’ 116661166- 16. 6616. 6. Arm.

66116116666161116161116116 666111- (161. 11111. 6 1 Senum] 616611
16 6666166666 611661 161111166161 61666161, 661 16166 666661 16616161,
66661161. 666 61166611 16616 0116. 61616611661616611661. 16 6661666116
Am. 111. ιιι. 11. 16. ι1666666111 1111· 16118611661111666166116661161616111·
16 666116 161666 661663 611. ιι. 6616111161 16611, 16 666 1611161166 611·
666. ⁴ Perfer, 61 1666666666611661· 11666, 66 666111616161616 11616111-
6616111661’ 61 Met. ι. 666. ‘Libet 6611166 16616 611. 111116 6661166111
666 16661616611 1166111111 166611111 611111161116166616611116616166616161·
huno? 6666611. 11. 6666161161. 666 6611661661 16 11111616 1616111611
Arm. 16666611166666111. 16661.

6 6 6116616] 66116666161166111· 6611161161] 06116 161661 11 661
6661666111166611116. 61611111111111- 61661161 111666161. 61611. Officium
16616 6161616, 616 11661111, 66616666 1111111611.111111111611166Ι6616. Au·
16111661661616 11661661661611616 66· 616 6116116666161161, 66161111 616·
11661. 0616111611.011.61.66. ι61· 161661 6611161666 61 6166166116·
11616 111666111666116666 6616161616 1161661, 6116661116 66116 6616111.
6611161161] (1611166 11661. 611. 11. Quod 1616 161611,6611661616116 ex
16. ’6111 666 6666166666666116 66· 16661116166166166611161616611 11161·
66 661116 11116161 616611 6161666111, 6111111166166161 1611611661. Vidn
66616 111616.’ 161. 6611. 666. 16. 6 6. 11661611 11161116 6666 1161. 6116. 111.
ι(1111161111 16 611 666616 61 6666161ι 6. 11611111.

61116 6116. 666. 616 666 611661 666. 6 6 Ρ111111] 16116116 6111. petere,
1616161. 1116611666 61161. 111. 6. ex. jacere. 66661161. 161161ιὶ1661 quoque
1. ⁴ 016616 116111 6161116116 16 mon· exhibent uterque 661611666611611.
161 6616661161161ι 1166611661 Mn. 666. 1161166. 61 ven. 1611661 6111666
66616111 616 1116616 6111111. Adde 1666611161 616116· 1666161. Nnm‘du-
Ρ61161.66·116611.ΕΙ. ι. 6. 6166611. binare? 1116616 6616616661 66666-
66 1166161116 1111616166 11661. 161, 166616 66661 1616661 166611611-
166166 1111. 11. 666. 16. [16611161 16661111. 116661 111161. 666. 66 1.
6616611661, 6661166611111161 61 ’1)611116, 16 6666 61116661 66161666
eonium 66 6611. 166. 666. 6. 6 1. 66666131661161666.1111.66.Ἰ)11-
11166661661616661666111161166616. 6116111 Nero, 16 666616 1161166116
6116 611666· 6161661 16111. 116111. 1. 61611116·161161;’ 61 11111. 11. 66. ‘An

 

